1 – Adrian
234 177 249 147 206
10110000 11001000 10000111 10110100 11001001

2 – Greta
252 202 176 152 179
10000011 10000110 11000001 11111111 10110010

3 – Viktorija
146 165 137 232 138
11100001 11010100 11101011 10001001 10101011

4 – Simeonas
227 245 184 246 181
10111110 11101001 11100011 11000111 10000010

5 – Emiliya
149 132 189 217 157
10001100 11111101 10111011 10110110 10010000

6 – Katrina
178 151 237 135 164
11101100 11100010 10010111 10100000 10011011

7 – Evelina
166 159 231 243 255
11010001 11010000 11001111 10011000 11001101

8 – Denis
195 162 222 148 200
10011100 10100101 11111010 11110001 11111000

9 – Edvard
213 226 244 154 203
11011110 11000000 11100110 11101010 11011101

10 – Oskar
201 225 235 186 250
10001101 11111110 10010100 11001011 11100100

11 – Nikita
169 209 188 224 204
10111101 10010110 10011110 10010010 10001111
